927 2484 4489 4717 2237 3613 4511 1112 3033 3927 696 4734 687 1508 2843 4538 3913 3993 3305 4616
1625 1858 731 4210 3303 4727 1960 1868 1597 3133 2644 4710 2006 3887 500 2910 369 938 1728 1077
1488 4127 4676 2969 3425 1465 2713 4289 2812 2760 3514 1674 333 1722 4535 4913 3497 4782 1972 3089
536 2263 2771 1143 3874 2224 3846 2075 4170 4896 1805 4027 2185 4214 3835 2977 1077 224 682 3861
3699 518 4957 2463 1442 1162 831 3507 1989 4743 2556 2846 3285 3368 1598 2290 3047 4738 2464 2514
1989 4383 1861 1881 3835 3604 1870 380 2921 2304 2502 2422 1809 712 2865 4043 4686 3729 4101 1450
4714 1850 1413 2571 245 1088 3212 276 87 3979 3643 1475 235 3823 252 4744 4451 1584 521 2682
4163 40 503 4637 4723 4129 3284 1650 371 1113 752 4342 1419 3372 1206 3004 1036 3133 314 3695
76 2815 3089 4760 3227 1888 2068 2068 2068 2068 2068 2068 2543 2211 4996 2514 4876 3620 179 4637
3607 2257 1048 2338 3927 4637 2691 2205 823 245 3184 208 1949 2263 2644 4852 4686 2359 2013 3068
4715 4577 3337 4464 4842 2904 560 4000 3433 1757 605 4421 1757 694 2007 3413 224 4163 3614 3053
1528 1551 3918 2075 1787 2657 4051 3150 4266 2472 228 1437 278 3460 4420 2098 4727 2911 3974 2834
4763 2237 2610 1184 3940 72 825 523 847 1403 1600 4536 3835 1869 3821 1650 2099 99 2084 855
99 417 437 110 4054 4377 1222 4383 1097 3604 4075 1335 2095 2937 586 4514 3234 4227 1663 3550
3200 3610 2968 2260 2223 2370 3954 4607 3131 825 741 3618 304 4383 4019 2628 3631 682 1295 4528
333 3721 101 2286 407 2695 2071 4421 3670 4317 3948 4372 3169 4458 1126 1092 356 725 1266 2349
2666 642 210 131 3572 3602 4766 3306 4037 252 769 4588 979 2834 3158 3072 3439 2790 3390 372
3918 4342 586 1598 3502 3514 618 1272 4175 2013 2612 1435 4538 3554 884 2472 1598 3607 3730 825
4693 1162 2382 314 480 2000 1914 3540 4367 135 2944 1855 3514 1091 4212 3890 2661 4051 1173 1531
2657 4866 724 4020 3400 2688 4355 250 1665 385 1365 4637 1468 2970 2814 1603 2512 710 728 1609
1439 4142 1844 3540 2644 2520 2834 2549 1568 3171 3811 1237 4176 1077 506 2570 4321 2436 1303 1223
866 2436 1779 311 1089 4143 2480 3774 3131 2531 2136 1671 4710 2436 1850 830 1946 1121 114 2232
3466 4512 2908 2588 4538 1688 4029 491 3134 1611 3730 851 2079 3999 1093 4362 1434 2858 2970 252
401 4248 2604 1595 87 2397 3810 1997 3303 1575 39 3234 417 4264 3154 238 3530 4513 3982 4640
674 3596 104 2727 1964 2056 3334 833 3782 3869 1528 1989 1888 4727 161 1792 1577 3476 3460 4962
3148 1914 718 4322 1580 3574 4855 3514 3163 308 2939 3874 4063 4686 3852 719 40 1946 2190 2278
1742 4952 662 3926 4323 1706 1226 4640 1971 40 597 998 4151 194 4151 4400 356 3094 2865 3520
4544 4277 92 1828 138 1184 2205 3007 1885 3856 2304 877 1919 1580 1330 3681 3089 2902 4809 356
1698 3075 640 2457 1981 1065 1020 1153 3243 12 4908 1077 4341 1722 1884 3546 4915 872 1104 1824
1989 1883 2790 4428 4751 3057 4163 3874 2278 2015 403 1972 3119 1853 1272 1800 635 1424 3843 2644
4175 262 342 2011 1787 449 4572 3488 3502 4736 4900 4163 891 2084 2863 3469 764 2760 4495 4279
2046 381 1264 4373 848 775 2371 1462 4817 2945 4743 4735 936 1919 4108 3874 356 220 3414 2340
3067 4908 356 356 4127 396 4458 1546 847 3502 4396 1598 3786 1271 4714 3503 2465 1163 3627 2306
3349 3731 2193 798 2558 631 631 3590 233 1252 2696 2696 4051 3872 4865 2200 381 3285 928 4116
2237 1578 1987 611 2693 3383 4207 3872 2295 3348 228 4855 2375 3285 4895 699 3984 4491 4000 2174
186 4918 3166 3984 378 3796 3482 4951 3236 4193 2707 4832 2908 3613 2650 1183 646 1994 889 3309
4758 3033 4725 3611 2642 586 2465 953 2506 1779 3804 3285 26 3896 4849 2435 1642 4099 2944 3852
3866 4041 2415 1323 1619 3714 855 4664 175 1047 900 2978 417 2941 1241 390 283 4267 3425 3425
163 1574 2193 2108 137 2896 1609 4051 378 4849 3669 2417 4455 224 3873 4103 2730 518 2472 4723
2286 4342 99 971 393 1060 1342 364 3656 945 795 4506 2454 4517 801 1303 3344 131 823 2352
173 4054 2371 719 2010 1483 371 1595 2263 4518 1006 3132 3097 3869 4842 3836 838 4101 3855 1059
2811 3425 4066 2817 3994 417 3974 4063 753 3315 2444 4538 506 4498 4867 365 4976 3281 1850 1493
1439 2358 3285 4099 4860 3529 548 3732 2 2204 4266 4103 2911 832 1761 229 2759 838 4586 216
1753 1161 825 4855 1977 3444 1605 1837 1975 4037 4698 4538 1240 2949 2909 2054 2371 1388 3206 2023
2108 3315 2644 1787 73 2814 3634 4652 2624 1073 503 4000 1221 2000 24 1191 2915 183 4031 4723
2237 2084 2464 3158 48 874 1234 4136 2306 4302 2467 3887 4264 2705 1447 2959 1482 2015 333 3931
3523 1169 194 3167 1211 538 3305 3285 4059 2591 1248 453 1575 935 4078 2005 331 2281 4538 53
3502 1167 292 4855 1799 4458 2177 2930 3163 4640 4893 4000 552 488 3997 121 2077 2202 4326 866
3699 1442 2509 2493 1313 4494 3874 288 136 4855 269 3631 1403 2790 4937 3952 4495 210 3312 882
3295 3200 4428 384 367 4163 2890 1405 4613 4508 2978 823 3912 1508 4538 2650 971 4105 1290 926
89 2068 2068 2845 2068 3607 162 508 3262 2982 321 3291 3695 2861 3089 2402 1431 1740 4127 450
4435 292 2695 1934 3230 276 3643 4614 798 4614 278 861 2255 173 119 2113 229 3048 1257 393
2162 3982 417 2072 4766 3494 3303 3786 3315 646 2904 1903 2315 2728 3435 3936 3425 3763 1512 4511
1539 3603 2872 2675 4586 1495 4826 15 3874 3521 2126 1815 4759 165 4990 4089 4388 4942 2166 2114
2537 106 3918 1259 1620 388 1620 3822 1815 1839 4099 2563 1548 376 2032 1597 3166 376 1843 3038
838 4758 2495 2 3984 3305 3425 4630 1512 655 2656 456 4763 2118 4168 3869 278 4855 3507 3148
4929 923 3866 730 2465 1431 245 2709 1619 2494 3167 3874 1837 790 1887 1865 396 4127 3460 136
3416 2692 4331 3362 4458 4929 712 3981 3924 3043 4359 1381 49 4869 1024 828 173 4271 247 4855
3694 2760 3101 864 2084 4432 2168 4666 3938 4544 1058 4698 2 2606 484 716 2951 3940 1653 779
3563 3652 1438 597 910 1881 4347 2823 205 819 506 2397 1523 2374 1088 1088 2435 4098 3312 2916
1917 2205 4727 1581 1946 781 4464 1508 246 4331 4401 4900 4037 2890 2225 3971 3078 3940 2527 2081
4175 4175 4144 1252 451 4058 15 2553 1598 2402 1006 4152 2711 385 2715 700 2278 4055 433 1654
1324 4078 521 1078 1209 4934 1272 4101 3683 2664 3982 50 4831 1242 1920 2045 3786 632 1052 1525
3602 2171 4377 1017 2361 4087 1977 2631 795 83 2656 3380 4815 4231 1459 1226 283 346 3303 4206
4518 3535 3818 4158 173 3894 3994 2554 4735 994 2359 2947 1313 1162 1576 741 3926 408 2263 883
867 1785 367 2525 2012 181 96 82 3947 2612 1337 552 4908 446 4213 4392 4572 1190 4176 2253
1261 799 3187 4000 4502 2610 417 482 498 1085 4500 1492 4227 1465 3068 3730 775 4500 3003 908
1324 2528 2454 4439 2954 758 4473 2132 3656 883 492 2891 2370 4330 4068 798 3166 2166 3866 2815
2108 405 1871 3727 1442 3702 3825 176 4360 3135 3450 2402 3747 4871 3335 3738 4204 4936 949 356
1143 1268 3231 3984 927 2168 336 364 1732 3117 3407 636 719 4617 2207 578 1711 1980 3978 586
2657 4252 4000 1649 1894 4903 2724 238 4051 4008 761 1062 3171 1457 1475 3695 4022 4320 1901 4128
1309 1138 2108 4698 1172 3128 4969 4151 443 2380 1431 384 163 1127 4942 4696 4869 1303 1289 3598
2139 4998 1611 3686 3303 2375 2 3920 1266 3285 969 4350 2179 4318 2237 4116 2537 3231 1626 4895
2789 719 963 417 2729 4171 2627 1054 1613 1487 1435 4677 2141 3948 552 3739 1139 1834 2537 804
1323 3729 31 1753 1162 3303 3984 233 1671 1761 838 1044 4758 1090 1333 4482 3494 2202 775 586
1481 2610 1361 4587 2791 864 2306 2978 2693 3825 3755 1941 4479 4900 1596 3786 3285 3874 938 3422
720 4538 3540 2338 2664 3211 2343 173 1264 3938 4743 4959 2526 4447 895 1450 1073 52 3151 40
2149 987 1302 396 2635 3927 1006 523 4055 1209 3888 2711 3936 1665 815 4518 906 2454 3661 3284
4929 818 3070 247 2669 4596 2740 696 1887 1966 440 2974 973 1787 1787 4626 4488 1191 936 2305
2452 2212 3729 1366 2370 1109 3940 1648 499 4453 2275 551 4487 1914 2657 1431 2701 3481 2278 4894
163 400 2658 3897 3386 567 4210 4664 2865 1428 1838 4519 715 136 3835 267 1102 4561 3683 4714
2289 1605 3352 3425 3773 3976 3445 3694 137 4302 3042 2468 3634 597 2834 1522 4518 2068 4286 2890
4175 4373 1431 2263 3919 4686 3375 2472 3540 163 4996 3462 3108 1416 2652 3413 1946 1184 2136 159
4029 2545 719 278 4849 2764 2889 2729 4967 2084 2707 2137 433 1757 4267 3607 3515 1784 4703 1251
584 465 768 3169 660 2081 3887 2374 1111 3004 3303 15 2068 2068 3099 1403 1073 4898 1180 2797
2657 4489 3439 2568 3894 4069 3100 417 2191 863 4327 4439 2610 884 3574 4855 2832 1902 4420 384
4680 3521 783 518 1799 1350 2623 776 3337 3647 1052 4942 3509 104 4965 2600 2579 469 349 568
2791 1459 2370 2623 3727 2465 3889 3982 2073 3967 2249 2368 4127 1920 2701 3119 3601 1466 209 4739
2286 2881 2058 4726 2867 2606 4667 2385 3514 3948 4318 1295 1692 3984 2469 2511 384 1706 2032 146
3931 3926 1442 1192 1919 2691 4227 2204 176 2747 4686 3375 245 2802 3729 2436 336 2855 973 2817
1819 4538 2910 2002 2371 4081 1664 304 1668 2912 4871 3383 2494 4912 1107 2999 4458 3634 1710 1368
3580 1017 4670 2964 3166 2058 1972 2865 735 2346 1994 515 769 1292 2807 385 1993 3004 2696 2696
616 4758 4332 3705 4573 4163 2570 818 3984 4528 2402 2791 4455 4050 556 3643 3067 1464 3752 4469
4293 1416 2057 1416 491 1688 4674 1210 3927 185 2410 1793 1065 3379 2878 2709 1419 4777 2315 2728
221 389 2851 2695 60 2652 2126 2205 331 2035 2030 609 852 2970 378 3852 617 4082 2846 1623
1111 2464 4187 3268 4827 1540 245 2013 2895 3236 1901 3866 4506 3514 665 325 661 1209 4078 2041
618 3523 2209 778 2942 1154 662 278 893 1442 356 4865 2200 4009 572 3984 798 1881 378 149
1438 1989 2395 3507 480 1881 2945 1785 4915 3267 2046 2977 4127 356 3961 3730 1642 3730 3370 1667
3575 815 1088 4987 4588 1665 2760 2479 1361 795 3606 120 4698 3527 4184 2207 3846 4985 2132 4952
829 1092 3882 2838 4146 2920 1088 4233 319 2509 566 2126 2705 2921 3896 2531 2926 1894 4549 2777
166 4447 1130 944 3645 2222 1664 3008 1711 4917 367 372 4988 657 3114 4876 646 3984 4857 4538
2345 3694 3874 3385 4391 511 4207 1620 3345 1566 1893 176 976 2361 480 2340 1602 944 165 1938
1436 4210 3890 3744 2436 2205 3099 3501 646 4422 2457 2139 2370 2375 4954 1043 494 3643 2193 4181
3704 3994 2436 4610 3521 1968 560 3504 4768 4259 4684 4648 4089 889 2190 4710 165 2467 3502 4865
267 135 3415 4819 2661 4103 1560 1761 3514 4706 3478 787 953 1475 4948 4736 3984 396 439 3303
1481 1611 882 2947 4342 3224 1360 1870 2693 4207 1626 1179 4197 3887 4646 2223 3727 3134 2817 4066
2376 3213 2415 2742 3236 825 2278 2715 2190 1791 1415 586 3372 4082 1758 515 4528 3941 1222 3380
4545 1176 4369 2789 4829 1787 4830 4747 2205 2967 2343 4758 2414 275 4991 403 378 4246 922 1757
2452 3998 2568 2970 249 968 3349 1396 1090 4161 4996 2246 396 4488 3874 3435 3554 506 2695 4564
